grade;date;type_id;skill_name;skill_employee_username
94448;2020-12-14;1;1;calculate
71328;2020-12-14;2;2;Account
3662;2020-12-14;3;3;Tuna
94063;2020-12-14;4;4;Tu
12209;2020-12-13;5;5;Handmade
54605;2020-12-14;6;6;maxi
58089;2020-12-13;7;7;Slee
72489;2020-12-14;8;8;alarm
73922;2020-12-14;9;9;reinvent
46508;2020-12-14;10;10;Africa
